0,303
0,302
0,301
0,448
0,300
103,75
0,299
103,74
103,73
103,72
103,71
103,70
103,69
103,68
103,67
103,66
0,435
273,36
103,65
103,64
0,298
0,296
0,292
0,291
273,35
103,45
0,289
103,44
0,288
103,43
103,42
0,287
0,286
103,39
103,38
103,37
103,28
103,36
103,32
103,30
103,29
103,27
103,26
103,24
103,23
103,22
103,21
103,20
103,19
103,18
103,17
103,16
103,15
0,284
103,13
103,12
103,10
103,9
103,6
103,1
103,40
103,3
14,8
0,280
223,2
10,207
10,13
10,19
10,301
10,103
10,9
10,71
10,225
10,2
10,3
11,6
11,24
11,21
11,27
11,19
11,2
11,3
9,5
9,7
9,2
9,3
8,17
8,7
8,18
8,11
8,2
8,3
0,516
20,2
20,1
20,3
19,2
19,1
19,3
18,1
18,3
259,590
259,589
259,588
259,587
259,586
259,585
259,584
259,583
259,582
259,581
259,580
259,579
259,578
259,577
259,576
259,575
259,574
259,573
259,572
259,571
259,570
259,569
259,568
259,567
259,566
259,565
259,564
259,563
259,562
259,561
259,560
259,559
259,558
259,557
259,556
259,555
259,554
259,553
259,552
259,551
259,550
259,549
259,1
259,548
223,5
223,4
